Counting for QCDb with 5K evt passing HLT

300 QCDb files = 1,500,000 evt (so majority)
300955
297432
299691
298455
300380
300380
300380
299613
304431
304431
304431
304908
304908
304908
298815
298815
302991
302991
301458
306777
306777
306777
306777
300489
304379
302780
302780
306459
306459
306459
306459
307997
303592
303592
303592
304741
308265
308265
308265
301198
301198
301198
304555
304462
304102
304102
303355
308367
308367
308367
308367
302096
305831
302008
302008
302008
306349
296807
296807
296807
304748
310804
310804
310804
304118
304118
304118
304118
303268
303268
308266
308266
308266
300702
300702
300702
303882
303882
303882
306564
306635
306635
306635
311822
311822
311822
302587
302551
302551
302551
310376
310376
310376
310376
307221
307221
307221
306871
306871
306871
306110
306110
306110
301592
305909
304677
309430
308758
308758
308935
304993
306320
306320
306320
303218
303218
303218
306536
306536
306536
311490
311490
311490
305297
305035
310657
310657
304318
304318
304318
296992
296992
296992
301734
307660
307660
307660
306472
304097
304244
304244
304244
309937
306577
306577
306577
308021
309835
307751
311132
311132
311132
307611
307611
304862
304862
304862
307746
307409
307611
307611
303091
310960
301684
312799
303487
308127
308961
308961
308961
308226
313823
312508
312508
312508
309662
311302
311908
311908
311908
311908
304765
307785
307785
307785
307131
305617
305617
305617
307436
309493
309493
309493
313702
307638
309129
303320
303320
303320
314588
306564
311083
310278
310278
310278
302724
302724
302724
308665
308665
308665
315711
315711
315711
315711
311939
310012
303630
307236
307236
307236
309913
309144
311731
315735
315735
315735
309574
312079
309107
310571
310571
310571
312011
312011
313597
313597
313597
313380
311939
308333
308333
304755
308738
314215
314215
314215
313492
311865
305852
313326
313326
313326
311911
311911
311911
315292
307096
311884
309021
309021
309021
306374
316247
316417
316417
316417
312549
306107
306107
310251
310387
309025
312464
319535
302160
302160
302160
302160
308540
309748
308573
308573
308573
309749
315747
317850
317850
317850
307161
310337
312056
308845
316013
312565
315527
315527
315527
314036
40864
TOTAL NUMBER OF B EVENTS COUNTED:  92012727.0
SHOULD BE:  92012727.0
AVERAGE EVT/FILE:  306709.09
FILES COUNTED:  300.0

So average % passing HLT = 1.63021%

So estimate 122683636 evt processed for 2M passing HLT
